171, 178, 483, 527, 653, 408, 197, 599, 300, 607, 403, 511, 579, 520, 591, 412, 261, 559,
551, 154, 180, 138, 596, 150, 276, 271, 48, 168, 362, 637, 467, 164, 536, 554, 287, 530,
431, 92, 654, 518, 323, 572, 624, 4, 258, 439, 430, 495, 534, 222, 545, 31, 44, 18, 80, 55,
399, 328, 505, 313, 441, 586, 501, 598, 566, 568, 77, 496, 106, 563, 537, 78, 50, 450, 445,
166, 237, 617, 185, 404, 621, 578, 133, 517, 646, 98, 86, 492, 267, 193, 33, 476, 207, 17,
487, 643, 52, 384, 74, 148, 121, 657, 633, 528, 269, 611, 567, 601, 391, 231, 226, 658,
331, 191, 354, 23, 474, 277, 390, 341, 279, 442, 422, 638, 15, 196, 329, 377, 36, 433, 398,
72, 256, 352, 253, 550, 635, 142, 343, 176, 500, 588, 413, 569, 266, 42, 283, 535, 410,
538, 647, 85, 27, 423, 558, 61, 356, 348, 43, 19, 625, 291, 238, 274, 432, 448, 100, 642,
260, 587, 622, 608, 366, 420, 477, 316, 605, 254, 130, 407, 471, 174, 631, 34, 652, 628,
175, 134, 122, 192, 531, 217, 32, 257, 145, 307, 262, 83, 509, 440, 600, 589, 359, 522,
268, 143, 498, 512, 333, 651, 151, 183, 126, 351, 39, 246, 242, 630, 543, 574, 610, 655,
25, 494, 456, 612, 123, 315, 340, 296, 580, 503, 281, 428, 62, 10, 76, 203, 288, 91, 426,
128, 629, 29, 218, 292, 447, 161, 117, 388, 540, 364, 245, 541, 224, 502, 370, 229, 90,
466, 636, 208, 51, 562, 259, 344, 334, 111, 235, 488, 632, 577, 54, 386, 75, 181, 463, 421,
24, 96, 406, 156, 158, 265, 5, 310, 37, 124, 88, 155, 480, 593, 202, 451, 1, 497, 645, 457,
187, 56, 206, 179, 640, 249, 99, 240, 460, 490, 163, 369, 293, 186, 553, 46, 449, 41, 219,
308, 7, 234, 336, 373, 372, 347, 215, 481, 542, 146, 357, 656, 136, 330, 595, 516, 592,
273, 365, 8, 47, 641, 81, 484, 573, 614, 437, 533, 0, 282, 184, 400, 49, 114, 374, 280,
499, 418, 139, 382, 613, 233, 345, 393, 575, 508, 299, 101, 582, 360, 285, 2, 376, 548,
189, 648, 214, 618, 385, 371, 425, 552, 204, 286, 443, 210, 294, 211, 241, 461, 275, 165,
350, 59, 583, 159, 434, 252, 71, 436, 529, 236, 475, 339, 367, 147, 170, 110, 22, 298, 506,
172, 247, 513, 73, 230, 314, 239, 157, 116, 65, 11, 570, 40, 620, 205, 251, 594, 468, 69,
489, 109, 452, 465, 312, 383, 129, 379, 335, 353, 602, 546, 243, 57, 473, 486, 320, 162,
526, 115, 26, 560, 107, 458, 519, 169, 97, 358, 504, 414, 13, 459, 132, 167, 402, 14, 491,
571, 105, 112, 363, 581, 194, 84, 349, 201, 462, 289, 53, 603, 209, 396, 303, 317, 102, 82,
131, 639, 3, 435, 378, 415, 539, 223, 30, 510, 199, 479, 397, 45, 248, 561, 67, 213, 438,
20, 405, 557, 120, 89, 584, 555, 264, 419, 525, 429, 392, 311, 68, 446, 270, 585, 113, 627,
472, 38, 375, 327, 127, 417, 547, 12, 108, 368, 95, 250, 322, 198, 380, 149, 104, 87, 332,
135, 28, 318, 482, 221, 188, 58, 544, 521, 93, 324, 64, 272, 297, 644, 453, 225, 606, 295,
216, 152, 411, 361, 444, 469, 427, 507, 395, 609, 153, 381, 464, 424, 94, 9, 564, 321, 615,
21, 227, 137, 70, 326, 549, 556, 565, 416, 470, 255, 60, 604, 590, 305, 35, 278, 6, 125,
387, 220, 597, 63, 454, 401, 119, 302, 309, 342, 16, 619, 493, 290, 616, 173, 304, 195,
524, 263, 212, 649, 626, 409, 338, 306, 389, 79, 160, 66, 177, 232, 478, 514, 650, 455,
103, 144, 355, 182, 346, 284, 200, 634, 244, 140, 337, 325, 319, 532, 394, 118, 485, 301,
623, 190, 523, 515, 576, 141, 228